bspline
4 20
knots
0
0
0
0
1.41421
2.82843
5.0645
7.30056
9.53663
11.7727
18.8438
25.9148
28.1509
29.5651
34.6641
40.7469
45.8459
49.969
51.3832
53.6193
56.7816
56.7816
56.7816
56.7816

cpoints
-0 4 -0 1
0.333333 4.33333 0 1
1.0278 5.00963 0 1
2.07216 6.15161 0 1
4.3315 7.84102 0 1
4.91727 4.72019 0 1
5.9994 3.27823 0 1
7.86769 -2.07561 0 1
7.92298 15.7265 0 1
8.33505 -2.26404 0 1
9.68906 3.07233 0 1
12.1172 4.35226 0 1
11.7342 13.857 0 1
12.8911 -2.66831 0 1
14.1591 12.633 0 1
14.135 2.10712 0 1
16.323 5.99485 0 1
17.1003 2.14299 0 1
17.7475 1.0335 -0 1
18 0 0 1

