bspline
4 20
knots
0
0
0
0
5.17645
10.3525
15.5289
16.25
17.8531
34.4531
36.0563
36.7774
44.9774
45.6985
47.3016
63.9016
65.5047
66.2258
71.4023
76.5783
81.7548
81.7548
81.7548
81.7548

cpoints
-9.25186e-18 -0 -0 1
0.059934 1.88996 0 1
0.918704 5.06426 0 1
4.73427 9.43947 0 1
8.59263 9.2246 0 1
10.9667 10.5019 0 1
9.55177 17.8134 -0 1
11.849 22.7689 0 1
10.4331 30.1026 0 1
13.7659 31.8552 -0 1
17.2341 31.8552 0 1
20.5669 30.1026 0 1
19.151 22.7689 -0 1
21.4482 17.8134 0 1
20.0333 10.5019 0 1
22.4074 9.2246 -0 1
26.2657 9.43947 0 1
30.0813 5.06426 0 1
30.9401 1.88996 -0 1
31 0 0 1

