bspline
4 20
knots
0
0
0
0
2.27518
4.55027
6.82545
7.67463
8.94077
13.0151
14.2812
15.1304
17.994
18.8432
20.1093
24.1836
25.4498
26.2989
28.5741
30.8492
33.1244
33.1244
33.1244
33.1244

cpoints
-0 -0 -0 1
0.059967 1.88998 0 1
1.01425 5.12565 0 1
4.39998 9.22492 0 1
9.92666 9.78653 0 1
10.747 10.4158 0 1
10.6483 12.1005 -0 1
10.6946 28.5079 0 1
10.7096 30.1758 0 1
11.3091 30.9382 0 1
19.6909 30.9382 0 1
20.2904 30.1758 0 1
20.3054 28.5079 -0 1
20.3517 12.1005 0 1
20.253 10.4158 0 1
21.0733 9.78653 0 1
26.6 9.22492 0 1
29.9857 5.12565 0 1
30.94 1.88998 -0 1
31 0 0 1

