bspline
4 20
knots
0
0
0
0
1.18921
2.37841
3.87376
5.36911
6.86446
8.35981
11.019
13.6781
15.1735
16.3627
18.6208
21.0871
23.3452
25.3757
26.5649
28.0603
29.8386
29.8386
29.8386
29.8386

cpoints
-0 4 -0 1
0.333333 4.33333 0 1
1.0589 5.03378 0 1
1.85691 5.95455 0 1
4.35374 7.88611 0 1
4.91099 4.64249 0 1
6.0023 3.54393 0 1
7.35937 -1.94984 0 1
7.98541 14.442 0 1
8.68622 -2.17925 0 1
9.84517 3.68019 0 1
11.4419 3.07165 0 1
11.9599 13.8288 0 1
12.9489 -2.25936 0 1
14.019 12.2872 0 1
14.6333 2.07342 0 1
16.1649 6.15167 0 1
17.06 2.49841 0 1
17.7009 1.11255 -0 1
18 0 0 1

